281990
730
570
440
230410
304930
363970
386360
236390
238960
238960
304050
291550
301520
227940
389430
389430
346900
273110
226320
291480
323370
438040
407250
381210
364360
423230
395180
338390
346110
271590
252950
242760
299740
275850
304430
221100
404011
438640
252490
404090
264710
107410
72850
338390
428690
425580
105600
442080
322330
355880
251570
219990
377160
374320
292030
391220
620
492170
378070
454220
297810
376570
416450
474790
345010
491520
438430
435480
470590
468780
372490
461680
363150
413150
72850
391540
211820
365590
48700
377840
337000
253250
95419
32848
488790
262060
462700
485880
486840
394360
427520
4000
378120
233450
408760
227300
393380
255710
433340
242860
105450
361280
346010
17390
214950
68177
47890
108600
575
285920
8930
236870
268500
222880
373420
378070
462700
496360
252950
408760
431240
75619
234630
266410
391040
322850
263280
234140
400800
252490
440630
285900
270880
453090
427730
326460
374040
324160
374040
283640
386940
334230
230290
239820
246620
394690
239030
48000
265930
451520
210970
288160